4294967279,149
4294967278,147
4294967279,417
4294967278,303
4294967279,293
4294967278,137
379,6
62,2
4294967278,339
4294967278,311
4294967294,1433
4294967279,452
367,1
367,7
367,0
367,5
4294967279,297
442,2
204,6
204,0
204,1
204,5
4294967279,392
420,2
4294967278,391
4294967279,463
512,0
4294967279,296
4294967278,308
512,9
512,8
4294967279,462
4294967279,285
4294967278,322
414,2
539,4
539,3
539,2
539,1
4294967294,1430
538,4
4294967278,208
538,3
538,2
538,1
4294967278,204
4294967294,1035
379,4
4294967278,313
73,2
4294967278,390
367,2
4294967279,440
4294967279,303
4294967278,389
4294967279,439
4294967278,312
3,2
439,2
443,2
250,6
189,6
364,5
4294967279,294
4294967278,330
4294967278,367
4294967278,366
4294967278,32
4294967279,481
4294967279,24
186,2
213,2
73,4
73,6
404,6
404,4
220,4
416,5
416,4
167,4
422,4
412,5
412,4
67,4
154,6
372,7
4294967279,2
62,4
367,6
367,4
4294967278,384
351,2
344,6
344,4
4294967279,460
226,2
4294967278,325
204,2
4294967278,255
4294967278,251
442,4
4294967294,1458
83,2
443,4
4294967294,1039
439,5
439,4
418,2
186,4
213,6
213,4
4294967278,355
226,5
226,7
226,4
351,6
351,4
4294967279,458
204,4
4294967294,485
403,2
420,5
420,4
4294967294,1441
83,6
83,4
4294967279,292
418,5
418,4
403,6
403,5
403,4
4294967294,1436
414,5
414,4
4294967279,139
2,4
4294967278,276
4294967279,137
4294967294,1446
4294967278,338
4294967278,136
4294967279,504
4294967278,249
4294967279,300
4294967278,271
4294967278,399
4294967279,456
4294967279,271
4294967278,282
4294967294,1444
4294967279,470
535,4
535,3
535,2
535,1
4294967278,247
4294967278,278
4294967279,264
4294967279,395
4294967278,292
534,6
4294967279,258
534,5
534,4
534,3
534,2
534,1
4294967279,447
4294967294,81
4294967294,50
4294967278,245
4294967279,457
4294967294,498
4294967278,394
4294967278,288
4294967279,318
4294967279,250
4294967279,249
4294967278,248
4294967278,243
4294967294,1437
4294967279,246
4294967278,244
4294967278,240
4294967279,436
4294967278,429
4294967279,232
4294967278,230
4294967279,224
4294967279,228
532,5
4294967278,226
532,4
4294967279,226
532,3
532,2
532,1
4294967278,334
4294967278,441
4294967279,280
4294967278,211
4294967279,454
4294967278,210
101,4
4294967279,210
4294967294,990
4294967278,206
4294967294,40
4294967294,38
4294967294,37
4294967278,439
365,1
365,0
365,5
365,2
4294967294,1438
4294967279,206
4294967294,114
406,3
4294967279,500
406,0
406,1
406,5
406,2
4294967294,1
4294967294,89
4294967294,161
4294967294,983
4294967294,190
4294967294,978
4294967279,426
515,0
515,8
0,7
4294967294,39
4294967294,1440
4294967294,417
4294967278,283
4294967278,436
4294967278,327
4294967278,329
4294967278,233
4294967278,0
4294967279,295
4294967279,77
4294967279,69
4294967279,473
4294967279,66
4294967279,60
4294967279,57
4294967279,55
4294967279,54
4294967279,53
4294967279,48
4294967279,174
4294967279,44
4294967279,472
4294967279,301
4294967279,35
4294967279,33
4294967279,30
4294967279,28
4294967279,26
4294967279,398
4294967279,438
4294967279,275
4294967279,78
4294967294,409
4294967294,395
4294967294,399
4294967294,419
4294967294,179
4294967294,421
4294967294,407
4294967294,412
4294967294,465
4294967294,450
4294967278,241
4294967279,195
4294967279,192
530,4
530,3
530,2
530,1
4294967278,190
4294967279,76
4294967294,46
4294967278,317
4294967279,453
4294967279,67
4294967279,499
4294967279,71
4294967278,305
4294967279,65
4294967278,239
4294967279,176
4294967278,170
4294967279,170
4294967279,169
4294967279,168
364,0
364,1
364,6
364,2
4294967294,1432
4294967278,165
4294967279,166
4294967278,161
4294967294,12
4294967294,166
4294967294,24
4294967294,104
4294967294,106
4294967294,384
4294967294,184
4294967278,160
4294967294,52
4294967294,497
4294967279,159
4294967278,159
4294967279,46
4294967278,158
489,0
489,8
4294967294,2
4294967294,1454
4294967278,155
4294967294,53
4294967294,45
4294967294,44
4294967279,158
489,7
4294967294,22
4294967294,17
4294967294,99
4294967294,76
4294967278,235
4294967279,431
516,0
516,6
4294967278,152
4294967278,151
527,5
527,4
527,3
527,2
527,1
4294967294,5
4294967294,1426
4294967294,430
4294967294,1019
4294967294,29
4294967278,88
4294967278,372
366,4
4294967294,36
4294967279,274
0,5
4294967294,67
4294967294,41
4294967278,387
4294967294,42
4294967279,449
4294967278,229
4294967294,96
4294967278,266
4294967294,43
4294967294,82
4294967294,25
4294967294,92
4294967294,91
4294967294,90
4294967294,88
4294967294,87
4294967294,86
4294967294,85
4294967294,977
4294967294,1026
4294967294,985
4294967294,972
4294967294,173
4294967294,0
4294967279,269
4294967279,448
4294967278,265
4294967294,94
4294967279,287
4294967278,280
4294967279,265
525,6
525,5
4294967278,261
525,4
525,3
525,2
525,1
4294967279,455
4294967278,227
4294967278,223
4294967278,291
4294967294,1471
4294967279,255
4294967278,221
4294967294,8
4294967278,252
4294967294,84
4294967294,1022
4294967294,28
4294967294,6
4294967294,1420
4294967294,83
4294967294,7
4294967294,1455
4294967279,252
4294967278,346
4294967294,51
4294967294,27
4294967294,26
4294967294,478
4294967279,461
4294967294,1425
4294967294,496
4294967294,387
4294967278,219
4294967278,237
4294967278,236
4294967279,502
489,6
4294967294,9
4294967278,228
4294967279,251
4294967294,93
4294967294,95
4294967279,388
4294967278,224
4294967279,247
4294967279,245
4294967294,1439
4294967294,112
4294967294,175
4294967278,217
4294967278,214
523,6
523,5
523,4
523,3
523,2
523,1
4294967279,410
4294967278,209
4294967279,209
4294967278,393
4294967278,203
4294967279,204
4294967278,202
4294967279,203
4294967278,200
4294967279,201
4294967279,442
4294967279,196
4294967294,495
4294967278,215
4294967294,1450
4294967294,1453
4294967279,286
416,3
414,3
412,3
4294967278,184
4294967294,989
4294967294,426
4294967279,183
4294967294,1435
4294967294,479
37,3
4294967278,284
4294967278,182
37,0
37,1
37,5
37,2
4294967278,423
4294967278,353
4294967278,294
4294967279,84
4294967279,459
4294967279,83
4294967279,82
4294967279,81
4294967279,80
4294967279,79
4294967279,290
4294967279,75
4294967279,74
4294967279,73
4294967279,70
4294967279,68
4294967279,63
4294967279,62
4294967279,61
4294967279,59
4294967279,58
4294967279,50
4294967279,45
4294967279,43
4294967279,42
4294967279,38
4294967279,36
4294967279,34
4294967279,25
404,3
365,3
4294967278,371
4294967279,397
4294967279,64
4294967278,171
520,5
4294967279,175
520,4
4294967278,172
520,3
520,2
520,1
4294967279,173
4294967294,1431
363,4
420,3
418,3
4294967279,416
4294967294,494
4294967294,456
4294967294,448
4294967294,386
4294967278,168
4294967279,56
4294967278,167
510,0
510,6
4294967294,477
4294967278,166
4294967279,167
4294967279,241
4294967279,52
4294967279,51
4294967294,1470
4294967279,49
4294967279,162
4294967279,288
4294967279,239
4294967279,47
4294967278,157
519,6
4294967278,156
519,5
519,4
519,3
519,2
